             Vel1   Vel2     AtmLd  TempI     365d   347d   183d    14d     StdF   StdE   StdR      OMT
             mm/y   mm/y    mm/kPa mm/daK       mm     mm     mm     mm       mm     mm     mm         

EIJS  Lat   16.02  -0.67      0.06   0.39     0.84   0.10   0.24   0.02     0.95   1.04   1.40     2.16
EIJS  Lon   18.51  -0.33      0.27  -0.08     0.70   0.19   0.16   0.05     0.69   1.03   1.42     4.16
EIJS  Rad    0.86   0.53     -1.76   5.21     1.47   0.47   0.31   0.15     2.73   3.10   3.81     1.95

KERK  Lat   16.00  -0.08     -0.08   0.04     0.10   0.55   0.18   0.04     0.91   1.01   1.46     2.57
KERK  Lon   18.55  -1.30      0.10  -0.88     1.17   0.13   0.21   0.04     0.66   0.89   1.23     3.48
KERK  Rad    0.87   2.57     -1.99   5.31     2.34   0.32   0.28   0.15     2.56   2.67   3.47     1.83

MSTR  Lat   16.02  -0.11      0.07   0.55     0.52   0.34   0.14   0.00     0.91   1.04   1.39     2.35
MSTR  Lon   18.49   0.18      0.26   0.19     1.67   0.22   0.32   0.05     0.66   0.98   1.45     4.78
MSTR  Rad    0.87  -3.83     -1.80   5.31     2.71   0.60   0.28   0.06     2.57   2.81   3.68     2.04

ROER  Lat   15.99   0.46      0.07  -0.19     0.12   0.71   0.10   0.02     0.91   1.01   1.34     2.17
ROER  Lon   18.45  -0.92      0.22   0.03     0.76   0.10   0.25   0.07     0.66   0.89   1.32     3.94
ROER  Rad    0.87   1.01     -2.43   5.21     2.18   1.01   0.54   0.26     2.56   3.41   4.30     2.80

ROE2  Lat   15.99   0.30     -0.10  -1.46     0.53   0.38   0.74   0.01     0.91   1.00   1.20     1.74
ROE2  Lon   18.46   0.11      0.15   0.11     1.26   0.89   0.41   0.03     0.66   0.90   1.18     3.23
ROE2  Rad    0.87  -2.50     -1.93   5.85     5.57   4.18   0.89   0.17     2.55   2.64   3.31     1.69

EIJ6  Lat   16.02   0.89     -0.08   1.60     0.62   0.49   0.36   0.02     0.91   0.98   1.33     2.10
EIJ6  Lon   18.51  -0.95      0.21  -0.15     0.62   0.23   0.14   0.06     0.66   0.87   1.24     3.49
EIJ6  Rad    0.86   1.44     -2.15   5.50     2.26   0.73   0.15   0.15     2.60   2.78   3.57     1.88

0591  Lat   16.00  -0.44      0.20  -1.28     0.98   0.18   0.43   0.03     0.92   1.04   1.48     2.58
0591  Lon   18.59  -1.38      0.05   0.35     2.13   0.36   0.23   0.06     0.67   0.98   1.62     5.77
0591  Rad    0.86   0.25     -1.20   7.27     2.71   1.75   0.35   0.19     2.60   2.89   3.80     2.15

2591  Lat   16.00  -2.06      0.12  -1.86     0.27   1.16   0.49   0.06     0.89   1.07   1.42     2.56
2591  Lon   18.59   0.61      0.11   0.69     2.65   0.39   0.63   0.06     0.65   0.94   1.51     5.32
2591  Rad    0.86  -2.51     -1.32   6.11     5.23   3.73   0.83   0.25     2.49   2.89   3.83     2.37

0604  Lat   16.00   2.02      0.22  -1.04     0.48   1.60   0.46   0.07     0.90   0.83   1.16     1.66
0604  Lon   18.49  -1.02      0.18   1.24     1.91   0.76   0.51   0.12     0.66   0.83   1.17     3.12
0604  Rad    0.87  -0.02     -2.19   4.89     9.64   7.18   0.81   0.38     2.56   2.58   3.25     1.60

2604  Lat   16.00  -1.93      0.06  -1.00     0.95   0.68   0.43   0.09     0.90   0.95   1.30     2.10
2604  Lon   18.49   0.21      0.20   0.50     1.47   0.79   0.45   0.00     0.65   0.86   1.22     3.45
2604  Rad    0.87  -4.90     -1.83   3.43     2.46   2.60   0.51   0.25     2.52   3.02   3.75     2.21

HOUT  Lat   16.04  -3.94     -0.01   0.30     0.66   0.28   0.40   0.03     0.91   0.93   1.24     1.87
HOUT  Lon   18.38   2.05      0.16  -0.48     0.86   0.26   0.28   0.05     0.66   0.85   1.21     3.32
HOUT  Rad    0.87   8.93     -2.07   5.77     2.73   0.39   0.16   0.17     2.56   2.80   3.47     1.85

MAAS  Lat   16.01   2.85      0.04  -1.27     0.40   0.38   0.22   0.02     0.91   0.89   1.34     2.16
MAAS  Lon   18.43   2.07      0.21  -1.21     0.96   0.24   0.10   0.05     0.67   0.88   1.48     4.97
MAAS  Rad    0.87   0.65     -1.88   5.41     2.28   0.41   0.31   0.18     2.58   2.79   3.60     1.96

MAME  Lat   16.02  -1.12      0.05  -0.55     0.96   0.29   0.22   0.03     0.92   0.91   1.40     2.32
MAME  Lon   18.46   0.19      0.28   0.22     0.12   0.30   0.05   0.07     0.66   0.86   1.31     3.88
MAME  Rad    0.87   5.87     -1.60   5.47     1.64   0.19   0.27   0.18     2.58   2.93   3.80     2.17

TGRN  Lat   16.04  -0.63      0.07  -1.31     0.98   0.26   0.41   0.01     0.95   0.93   1.32     1.92
TGRN  Lon   18.47  -1.32      0.21   0.41     0.84   0.27   0.16   0.03     0.70   0.87   1.33     3.59
TGRN  Rad    0.86   1.80     -2.14   5.90     2.26   0.14   0.03   0.22     2.77   2.80   3.60     1.74

VOER  Lat   16.02   0.02      0.07  -0.47     0.44   0.25   0.28   0.04     0.91   0.92   1.26     1.92
VOER  Lon   18.52  -0.81      0.21   0.33     1.10   0.19   0.11   0.05     0.67   0.87   1.24     3.47
VOER  Rad    0.86   1.01     -1.78   6.13     2.65   0.39   0.28   0.17     2.58   2.79   3.59     1.95
